v    -5.972682    -0.788330    15.945489
v    -5.972682    -3.538424    16.216323
v    -5.777579    -3.888210    16.231556
v    -4.276154    -5.389635    16.231556
v    -3.399149    -5.878813    16.193372
v    -2.195543    -5.878813    16.074813
v    -2.396274    -4.364708    15.945489
v    -6.215718     0.181003    15.826060
v    -6.366021     0.030730    15.826060
v    -6.713834    -2.592710    16.050178
v    -6.412301    -3.136641    16.133454
v    -5.724248    -4.290427    16.197202
v    -4.678371    -5.336304    16.197202
v    -3.172913    -6.126348    16.146714
v    -0.128743    -7.813939    15.680661
v    -0.104631    -7.789798    15.680661
v    -0.180305     3.576728    14.275424
v     4.318546    -9.908303    14.605102
v     5.797397   -10.236879    14.197777
v     6.632821   -10.236879    13.944382
v     1.131183     3.045245    13.944382
v    -2.709297     6.105779    14.275424
v    -6.215718     5.127336    15.012803
v    -3.688902     8.522945    13.665249
v    -6.920339     9.861447    13.665249
v    -6.920339     6.903977    14.562390
v    -6.793743     6.334134    14.719337
v    -7.059819    10.190022    13.548054
v    -7.874178     9.852713    13.548054
v    -7.993027     9.559421    13.622103
v    -7.014061     2.353130    15.337665
v    -7.568815     1.013874    15.337665
v    -7.773696    -1.681496    15.614186
v    -6.399534    -3.304382    16.116247
v    -5.865990    -4.592482    16.116247
v    -5.814342    -4.613403    16.129276
v    -5.021919    -5.405855    16.129276
v    -4.943170    -5.410207    16.141520
v    -3.223545    -6.122489    16.141520
v     4.252099    -9.911988    14.615431
v     2.026641    -9.290991    15.083428
v     2.811433    -9.881347    14.805746
v     3.130288   -10.059418    14.711677
v     4.068313    -9.988126    14.615431
v     0.414172    -8.265222    15.517215
v     7.572123   -10.953773    13.569352
v     8.861645   -11.183115    13.149376
v    15.788978    -9.227156     9.313016
v    13.725283    -1.525274     9.313016
v    10.180503   -11.526692    12.640148
v    11.074046   -11.873054    12.212164
v    12.341923   -12.272950    11.591747
v    12.414492   -12.287023    11.554955
v    13.713386   -12.287023    10.860693
v    14.263730   -12.107531    10.540822
v    14.358873   -12.071987    10.484879
v    14.548144   -11.976089    10.369976
v    15.117957   -11.646469    10.018188
v    15.249167   -11.543840     9.933375
v    15.432953   -11.387154     9.812698
v    15.909016   -10.942602     9.494568
v     9.794766     3.340975    10.141767
v    13.665452    -0.445159     9.145275
v     9.550104     4.422018     9.786787
v    -1.250380    15.222503     9.786787
v    -3.391982    13.623091    11.374592
v    -3.526529    13.279398    11.577587
v    -6.899129    12.084032    12.699514
v    -7.059819    11.574543    12.948848
v    -5.650170    14.228159    11.374592
v    -6.622173    13.187215    12.070190
v    -6.899129    12.708424    12.365774
v    -8.135233    12.377208    12.365774
v    -7.943642    11.887798    12.654830
v    -8.448953    12.611511    12.133212
v    -8.578480    12.582176    12.090646
v   -10.726291    10.434365    12.090646
v   -10.127288     9.632279    12.685326
v   -10.194344     8.421680    12.873319
v   -11.955432     1.849211    12.873319
v   -11.961960     1.755955    12.883185
v    -9.050945    -0.962251    14.828495
v    -7.807615    -1.681496    15.596051
v    -7.087877    -4.367639    15.596051
v    -6.885549    -4.487126    15.687074
v    -6.817536    -4.483702    15.723924
v    -6.314721    -4.607803    15.919288
v    -5.067677    -5.854846    15.919288
v    -5.037472    -5.861665    15.929211
v    -4.381075    -6.532744    15.756451
v    -4.067065    -7.064459    15.517215
v     6.898200   -10.991117    13.674012
v     4.545102   -11.574568    13.699169
v     4.782712   -11.557942    13.674012
v    11.975018   -12.260415    11.752785
v    12.126306   -12.373403    11.640610
v    12.411474   -12.308872    11.546976
v    12.428042   -12.292304    11.546976
v    13.361192   -12.339019    11.041490
v    13.680163   -12.306638    10.875636
v    17.633690    -6.520528     7.357289
v    17.325599    -4.971720     7.357289
v    15.926513   -10.942602     9.480205
v    16.385340   -10.582458     9.044851
v    17.185656    -9.688711     8.242157
v    17.316401    -9.495408     8.103287
v    17.782570    -8.511857     7.560139
v    16.756947    -0.574222     6.911867
v    17.035644    -0.877292     6.767571
v    15.458342     5.139551     5.039648
v    10.270104    12.904310     5.039648
v     9.874589    14.537845     4.401009
v     8.885699    15.526734     4.401009
v     6.650173    16.067996     5.275024
v    -1.125960    15.407914     9.626938
v     3.041645    18.479156     5.275024
v     2.010712    18.713459     5.612798
v    -1.063286    16.512548     8.774888
v    -1.155527    16.115843     9.115534
v    -5.577138    14.519217    11.147630
v    -3.451146    16.987538     8.774888
v    -4.452019    16.091325     9.673799
v    -5.577138    14.657884    11.033830
v    -8.218016    14.132580    11.033830
v    -8.412045    13.888325    11.202615
v    -8.398146    13.828523    11.253974
v   -10.072767    13.510916    10.658452
v   -11.137591    12.799418    10.658452
v   -12.296890    12.518719    10.205224
v   -12.204098    11.425778    10.816879
v   -13.123407    12.773971     9.464189
v   -14.511293    12.159851     8.737748
v   -15.082064    11.305624     8.737748
v   -15.329976    11.194551     8.578334
v   -15.585460    11.139479     8.377661
v   -15.692819    11.054201     8.303467
v   -16.558507     6.702171     8.303467
v   -16.638417     5.633459     8.412335
v   -14.369464     3.099592    10.688077
v   -12.657674     1.755955    12.312240
v   -11.595055    -3.586213    12.312240
v   -11.368383    -3.766285    12.468867
v   -10.157667    -4.027196    13.419891
v    -9.635208    -4.261296    13.755779
v    -7.881432    -6.885954    13.755779
v    -7.015686    -6.020208    14.829075
v    -8.044007    -7.412417    13.283778
v    -3.938003   -10.155983    13.283778
v    -3.103942   -12.017350    12.087135
v    -2.914294   -12.897459    11.395803
v    -2.088619   -13.936807    10.677632
v     4.545102   -15.256332    10.677632
v     4.925093   -15.740461    10.218282
v    10.725392   -14.586704    10.218282
v    11.270426   -13.900624    10.692372
v    12.077705   -13.158195    11.076774
v    12.095172   -13.119169    11.101843
v    13.206857   -12.376392    11.101843
v    13.758854   -12.330924    10.805098
v    14.932372   -11.803938    10.122965
v    15.851304   -11.054807     9.523613
v    15.919781   -10.976493     9.480205
v    18.774390    -5.138880     5.700658
v    18.548356    -3.711619     5.700658
v    17.935135    -8.339445     7.341011
v    18.684557    -7.226542     6.213020
v    18.892310    -6.581810     5.835437
v    18.316810    -1.004585     5.355543
v    17.971231     4.625361     2.426567
v    15.792721     8.900935     2.426567
v    19.039856     0.349933     3.714958
v    14.770898    12.719102     1.023186
v    13.481027    14.156606     1.325415
v    13.123552    14.325710     1.549737
v     9.384134    18.065128     1.549737
v     8.700056    18.369853     1.905906
v     8.344322    18.689085     1.831104
v     7.610888    18.885349     2.100690
v     3.239127    21.112896     2.100690
v     2.660841    21.257424     2.274930
v     2.049071    20.930821     3.015937
v     1.895780    19.870321     4.337783
v    -3.172710    18.219841     7.327055
v    -0.265785    21.297466     3.015937
v    -0.279974    21.298626     3.017272
v    -1.772956    20.293256     4.530449
v    -3.172710    19.054743     6.309730
v    -4.745978    18.805555     6.309730
v    -6.847655    16.871416     8.260872
v    -7.644343    16.269830     8.759103
v    -8.063738    15.685393     9.322417
v   -11.995909    13.681877     9.322417
v   -12.476005    13.553395     9.145943
v   -13.109654    12.984800     9.279183
v   -14.361223    12.427261     8.627545
v   -14.636845    12.151668     8.627545
v   -15.334618    11.821555     8.189638
v   -15.618045    11.505717     8.123221
v   -15.747108    11.414985     8.027062
v   -15.824551    11.339746     7.981652
v   -15.984835    11.025186     7.981652
v   -16.080964    10.956186     7.888976
v   -16.311205    10.651287     7.698313
v   -16.551775    10.224870     7.523202
v   -16.936003     9.325466     7.292352
v   -17.191343     8.645595     7.157283
v   -17.211161     8.594266     7.143065
v   -17.288894     8.352274     7.095044
v   -17.614684     6.295340     7.095044
v   -17.668770     5.633459     7.156877
v   -17.737857     5.530859     7.052913
v   -17.554766     3.290661     6.843622
v   -16.623096    -2.591723     6.843622
v   -16.327396    -2.913074     7.141934
v   -16.276792    -2.980071     7.183861
v   -16.048699    -3.143750     7.403686
v   -13.143283    -8.845946     7.403686
v   -11.740250    -7.949298     9.562871
v    -8.774540    -8.142921    12.165565
v   -13.286186    -9.349748     6.796500
v    -8.750195   -13.885768     6.796500
v    -8.432066   -13.387972     7.562547
v    -8.730261   -14.282879     6.347276
v    -8.644984   -14.404194     6.256863
v    -2.401236   -17.585550     6.256863
v    -1.708918   -17.758601     6.465487
v    -1.262277   -18.095852     6.186180
v     4.906465   -16.087114     9.824362
v     4.925093   -16.004679     9.921188
v    -1.072484   -18.270499     6.009996
v     1.911216   -18.743080     6.009996
v     3.656230   -18.885693     6.173007
v     4.165458   -18.747374     6.439808
v     4.906465   -18.248388     7.190825
v     4.923788   -18.246967     7.189229
v     7.237222   -17.880554     7.189229
v     8.106566   -17.479846     7.509710
v     8.361992   -17.321680     7.653135
v     8.520767   -17.175556     7.800535
v    10.100448   -15.982743     8.788409
v    10.664836   -15.196298     9.546419
v    12.554087   -14.233668     9.546419
v    13.237584   -13.261288    10.270945
v    13.708889   -12.838411    10.370064
v    13.728417   -12.797151    10.395946
v    14.460197   -12.065371    10.395946
v    14.873034   -11.870065    10.136863
v    15.799075   -11.157291     9.523613
v    16.338306   -10.676121     9.076769
v    16.392478   -10.604394     9.031939
v    17.083839    -9.853115     8.334456
v    20.049782    -2.437562     2.649235
v    19.849805    -0.918495     2.649235
v    19.353285    -5.730455     4.763330
v    20.145650    -3.901789     2.830526
v    20.167528    -3.778907     2.759350
v    19.739457     0.227254     2.524757
v    20.298216     2.174740     0.019905
v    19.379080     5.572033    -0.875466
v    18.149417     8.540761    -0.875466
v    17.246270    11.597001    -1.869346
v    16.716237    12.310182    -1.616125
v    16.568082    12.621609    -1.763003
v    13.356317    16.807262    -1.763003
v    13.151117    16.956200    -1.615922
v    12.673748    17.433569    -1.615922
v    12.064241    17.749291    -1.266049
v     8.919155    20.162597    -1.266049
v     7.936272    20.630217    -0.802521
v     7.553146    20.914979    -0.938547
v     6.397126    21.256582    -0.562617
v     5.503814    21.626592    -0.562617
v     4.190064    21.982037    -0.216371
v     3.924714    22.025648    -0.094708
v     3.518579    22.085275     0.104515
v     2.850082    22.108082     0.570655
v     2.529399    22.016072     0.983086
v     2.528964    22.009602     0.995302
v     2.233960    22.054954     0.983086
v     1.870333    22.086871     1.012944
v     1.439244    22.059857     1.169687
v     0.971132    21.989436     1.416757
v     0.566564    21.917447     1.651089
v     0.030380    21.685117     2.217798
v    -0.279974    21.517058     2.608641
v    -0.821903    21.445708     2.608641
v    -1.236801    21.305416     2.768925
v    -1.582351    21.160453     2.955033
v    -2.615489    20.507944     3.921290
v    -3.674597    19.911378     4.671640
v    -4.709302    19.014730     5.953908
v    -8.250078    17.548095     5.953908
v    -9.517984    16.355108     7.178958
v   -12.206796    14.356728     8.133696
v   -12.343577    14.183387     8.291223
v   -14.681326    12.389569     8.291223
v   -14.925669    12.262973     8.150960
v   -15.330266    11.858376     8.150960
v   -15.503171    11.732853     8.027062
v   -15.852232    11.317926     7.956496
v   -16.083285    11.007022     7.846119
v   -16.217165    10.864728     7.708642
v   -16.230686    10.845722     7.698313
v   -17.768381     6.901249     6.658152
v   -17.768584     6.899334     6.658326
v   -17.948744     5.530859     6.658326
v   -17.978224     5.476425     6.589791
v   -18.297804     4.738842     5.810193
v   -18.643238     2.797595     4.685857
v   -18.756574     2.044169     4.288166
v   -18.609406     0.367140     4.150486
v   -18.503904    -0.434191     4.150486
v   -18.324876    -2.293295     3.948507
v   -18.459945    -2.764077     3.342975
v   -17.910907    -4.793475     2.808154
v   -16.512894    -8.168600     2.808154
v   -16.273078    -8.980173     2.544226
v   -16.207067    -9.068962     2.575737
v   -13.619926    -9.612777     6.085785
v   -15.763037   -10.002228     2.135596
v   -13.389773   -13.095173     2.135596
v   -13.192697   -13.238192     2.276816
v   -12.774317   -13.656600     2.276816
v   -12.400158   -13.850397     2.491562
v    -9.699536   -15.922681     2.491562
v    -8.173157   -16.648860     3.211475
v    -7.817394   -16.913253     3.085169
v    -5.123155   -17.709419     3.961332
v    -3.891606   -18.219547     3.961332
v    -1.301332   -18.920338     4.643988
v    -0.974962   -18.826704     5.063760
v     0.881444   -19.005470     5.265449
v     1.131531   -19.038403     5.265449
v     2.682458   -19.174517     5.392771
v     3.203641   -19.081782     5.694652
v     4.249198   -18.740004     6.432931
v     5.969809   -18.513506     6.432931
v     6.106648   -18.500333     6.418075
v     6.214993   -18.456345     6.464994
v    10.374561   -16.488055     7.653135
v    10.874185   -16.017969     8.135872
v    12.079910   -15.121843     8.564001
v    12.471798   -14.625063     9.015429
v    14.329480   -13.199630     9.015429
v    14.674275   -12.724640     9.355785
v    14.785435   -12.613509     9.355785
v    14.805891   -12.598624     9.341103
v    15.933593   -11.129000     9.341103
v    16.344167   -10.805096     8.968017
v    16.439339   -10.760847     8.827029
v    16.919029   -10.251068     8.334456
v    17.983128    -8.726023     7.149855
v    18.017918    -8.664306     7.106128
v    18.621012    -7.709395     6.213020
v    20.356741    -3.009145     1.849616
v    20.686999    -1.358027     0.147662
v    20.703596    -1.003018    -0.038910
v    20.577319     0.374423    -0.134285
v    20.529298     0.800753    -0.134285
v    20.391415     2.144245    -0.254121
v    20.423042     3.229409    -1.620071
v    20.164017     4.690589    -2.457788
v    19.454783     7.192510    -3.009699
v    19.279614     7.693063    -3.009699
v    18.272445    10.894005    -3.882757
v    18.076878    11.235231    -3.734195
v    17.492469    12.406311    -4.202221
v    16.135166    14.566426    -4.202221
v    15.889430    15.009904    -4.420014
v    15.028298    16.040199    -4.257467
v    14.715826    16.307029    -4.009440
v    13.115602    17.907253    -4.009440
v    12.260069    18.557876    -3.473749
v    11.854341    18.896984    -3.537758
v    10.007220    19.920402    -2.630752
v     9.571866    20.193964    -2.630752
v     8.272536    20.842381    -2.111426
v     7.842550    21.027038    -1.847033
v     7.544413    21.138575    -1.612730
v     7.448921    21.154272    -1.475833
v     6.693987    21.391825    -1.269937
v     5.881050    21.608922    -0.942174
v     5.726569    21.652707    -0.908109
v     4.680635    21.895076    -0.497622
v     2.816395    22.111534     0.573643
v     2.688551    22.122270     0.592330
v     2.668008    22.124156     0.593751
v     0.396415    21.898268     1.651089
v     0.359245    21.888606     1.669079
v    -0.114874    21.706618     2.092914
v    -4.107223    20.276949     2.955033
v    -4.790489    19.859063     3.548813
v    -7.415727    18.354416     4.691777
v    -8.147420    17.783791     5.424717
v   -12.591837    14.991160     5.424717
v   -13.651815    14.035087     6.321336
v   -13.812127    13.901092     6.346638
v   -14.709675    12.850051     7.180873
v   -15.449782    12.109943     7.180873
v   -15.667024    11.824311     7.359727
v   -15.735095    11.647547     7.643821
v   -15.808244    11.515553     7.708642
v   -16.250620    10.820159     7.672692
v   -16.548206    10.300950     7.446658
v   -16.656784    10.123402     7.292352
v   -17.990556     6.299199     6.218997
v   -18.060890     6.034894     6.109782
v   -18.221406     5.416856     5.810193
v   -18.929480     1.179758     3.397147
v   -18.984117     0.010825     2.782882
v   -18.887929    -1.038475     2.710226
v   -18.857491    -1.308468     2.710226
v   -18.716735    -2.680076     2.587895
v   -18.740238    -3.485615     1.573878
v   -18.270501    -5.142594     1.208365
v   -17.836336    -6.383341     1.208365
v   -17.184379    -8.455421     0.643223
v   -17.086741    -8.625744     0.717388
v   -16.782190    -9.236035     0.473481
v   -15.468062   -11.327440     0.473481
v   -15.155707   -11.891189     0.196640
v   -14.651701   -12.494196     0.291783
v   -14.370538   -12.734302     0.514944
v   -12.736074   -14.368766     0.514944
v   -12.425315   -14.605071     0.709525
v   -12.102455   -14.874947     0.658573
v   -10.555243   -15.732192     1.418324
v    -9.310811   -16.514111     1.418324
v    -7.851777   -17.242235     2.001485
v    -7.660389   -17.273717     2.275859
v    -4.788080   -18.177503     3.059258
v    -3.808795   -18.520180     3.059258
v    -2.090534   -19.007269     3.438292
v    -1.280615   -18.983650     4.457822
v     0.362466   -19.152290     4.604381
v     1.621493   -19.294120     4.604381
v     1.986687   -19.327633     4.629683
v     2.378459   -19.249261     5.033496
v     5.108154   -18.867181     5.694652
v     5.241975   -18.853456     5.682726
v     5.833754   -18.635083     6.114366
v     9.144811   -17.431157     6.464994
v     9.166370   -17.424367     6.459103
v    10.118264   -16.878811     6.873537
v    10.248632   -16.777111     7.004137
v    13.323587   -14.845003     7.004137
v    13.350804   -14.829944     6.990761
v    13.845989   -14.416032     7.068901
v    13.909098   -14.342100     7.127571
v    16.141723   -12.109533     7.127571
v    16.139489   -12.107937     7.137494
v    16.282392   -12.015115     6.876090
v    16.441544   -11.838641     6.726804
v    17.635082    -9.939176     6.726804
v    17.944885    -9.541920     6.328880
v    18.200079    -9.261308     5.807523
v    18.504049    -8.764295     5.375593
v    18.905774    -7.616225     5.375593
v    19.464880    -6.483997     4.115638
v    19.558834    -6.305404     3.872224
v    20.006142    -5.140070     2.830526
v    20.703596     0.498088    -1.540017
v    20.577319     1.780154    -1.540017
v    20.452000     2.972618    -1.620071
v    20.074126     5.101686    -2.844482
v    19.495521     7.275844    -3.742958
v    19.333322     7.810548    -3.742958
v    18.880211     9.215728    -4.041299
v    18.305146    10.859157    -4.041299
v    18.192564    11.104225    -4.248763
v    17.782309    11.907064    -4.461623
v    17.423093    12.579159    -4.461623
v    17.067416    13.203986    -4.705878
v    16.954138    13.390906    -4.733327
v    16.092948    14.761470    -4.733327
v    15.995077    14.908813    -4.698334
v    15.974650    14.936204    -4.677066
v    15.122977    15.973956    -4.677066
v    15.016547    16.098202    -4.630524
v    14.932720    16.193199    -4.569678
v    14.045705    17.080214    -4.569678
v    14.025539    17.099307    -4.563846
v    13.591636    17.503149    -4.400574
v    13.177260    17.868749    -4.135282
v    12.814765    18.166220    -4.135282
v    12.202531    18.641702    -3.854669
v    11.843518    18.909519    -3.575537
v    11.542333    19.098760    -3.575537
v     9.729103    20.130854    -2.866679
v     9.639444    20.178788    -2.866679
v     9.570387    20.214072    -2.848370
v     8.600590    20.691673    -2.389166
v     6.989890    21.317370    -1.495013
v     6.811559    21.368729    -1.409416
v     6.467460    21.460303    -1.267209
v     3.268752    22.111534     0.121286
v     3.155968    22.122618     0.121286
v     3.123325    22.124156     0.138435
v     1.323384    22.048454     1.169687
v     0.867284    22.000491     1.200299
v     0.813314    21.989436     1.258940
v    -2.163828    21.123254     1.669079
v    -2.325621    21.071055     1.634724
v    -3.817152    20.549176     1.634724
v    -4.095762    20.421187     1.398854
v    -8.811883    17.900347     1.398854
v    -9.445328    17.539796     1.646505
v   -10.313250    16.994443     1.646505
v   -11.851381    15.847098     2.842306
v   -12.955289    14.941107     2.842306
v   -13.569120    14.399584     3.235268
v   -14.492578    13.476155     4.958026
v   -14.848603    13.072573     5.216383
v   -15.136701    12.721539     5.216383
v   -15.488431    12.250003     5.582970
v   -15.923582    11.602340     6.585584
v   -15.967947    11.524374     6.616079
v   -16.796234     9.974812     6.616079
v   -16.888969     9.772919     6.445147
v   -17.095562     9.182534     6.445147
v   -17.439022     8.117420     6.218997
v   -18.643238     3.487737     3.995686
v   -18.750452     2.966003     3.428775
v   -18.799953     2.495104     3.397147
v   -18.984117    -2.130835     0.641221
v   -18.887929    -3.107509     0.641221
v   -18.860045    -3.372772     0.623406
v   -18.648693    -4.401181    -0.494024
v   -18.077429    -6.125071     0.042740
v   -17.521833    -8.095770    -0.993619
v   -17.535935    -8.205769    -1.815058
v   -17.514783    -8.256198    -1.880285
v   -16.152546   -10.804748    -1.880285
v   -15.941543   -11.175426    -2.025191
v   -15.866044   -11.276691    -1.946471
v   -14.162900   -13.351934    -1.946471
v   -14.038045   -13.476818    -1.713502
v   -13.732044   -13.746753    -1.517616
v   -11.972638   -15.190669    -1.517616
v   -11.630396   -15.420619    -0.987816
v   -10.662224   -15.971717    -0.609333
v    -8.463025   -17.147208    -0.609333
v    -7.578419   -17.553575     0.139624
v    -7.472743   -17.597940     0.276289
v    -5.867180   -18.115670     0.617167
v    -2.669169   -19.085786     0.617167
v    -2.589259   -19.103254     0.692347
v    -1.858814   -19.253353     1.486018
v    -1.470814   -19.294120     1.512074
v     1.418266   -19.578678     1.512074
v     1.986687   -19.578678     2.080495
v     4.186059   -19.362075     2.080495
v     4.735010   -19.249261     2.676974
v     4.904086   -19.212266     2.836010
v     8.150467   -18.179795     3.365839
v     7.740705   -18.351801     2.836010
v     8.563623   -17.990002     3.715625
v    11.662227   -16.333748     3.715625
v    12.107040   -16.080556     3.889546
v    12.265408   -15.981061     3.889546
v    12.517846   -15.792748     4.085810
v    15.307750   -13.503136     4.085810
v    15.363344   -13.454099     4.050207
v    15.417604   -13.399839     4.050207
v    15.837666   -12.923660     3.745367
v    17.429737   -10.983776     3.745367
v    17.600757   -10.754493     3.567122
v    17.830823   -10.412076     3.037061
v    18.125740    -9.893911     2.834501
v    19.027959    -8.205972     2.834501
v    19.302972    -7.607317     2.327623
v    19.504342    -7.127627     1.707380
v    19.674027    -6.601424     1.595640
v    20.161783    -4.993511     1.595640
v    20.356741    -4.101824     0.756937
v    20.461575    -3.591784     0.202763
v    20.547839    -2.770983     0.147662
v    20.656910     0.498088    -2.013874
v    20.488618     1.339548    -2.881274
v    20.452000     1.739067    -2.853622
v    20.084659     4.999231    -2.853622
v    19.184181     8.119509    -4.358356
v    19.068785     8.468773    -4.463509
v    18.932584     8.949188    -4.357543
v    18.318058    10.705402    -4.357543
v    17.507993    12.385681    -4.669957
v    16.740436    13.712837    -4.808798
v    16.178080    14.607773    -4.808798
v    15.493335    15.509122    -4.793042
v    15.130637    15.963887    -4.683362
v    14.159186    16.955562    -4.630524
v    13.022171    17.979154    -4.310712
v    11.694086    18.961196    -3.854669
v    11.634110    19.003791    -3.822055
v    11.480558    19.123569    -3.668242
v     8.038640    20.888313    -2.389166
v     7.701649    21.054719    -2.014194
v     3.741624    22.000868    -0.497622
v     3.640880    22.025648    -0.378541
v     2.297446    22.048454     0.195625
v     0.748029    21.873866     0.195625
v    -0.126799    21.538065    -0.586410
v    -0.329098    21.463436    -0.733956
v    -0.615862    21.321810    -1.053072
v    -4.634470    19.915644    -1.053072
v    -5.070985    19.648669    -1.432426
v    -5.990178    19.121828    -1.832612
v    -6.900696    18.667439    -1.468696
v    -9.171622    17.240527    -1.468696
v   -10.327410    16.600147    -0.901145
v   -10.817778    16.411254    -0.113017
v   -11.812297    15.654955     0.509722
v   -12.425982    15.041241     0.509722
v   -13.332872    14.266808     1.229547
v   -13.882317    13.898103     2.211821
v   -14.257463    13.482190     2.563609
v   -15.883279    10.894701     2.563609
v   -16.172190    10.524256     2.934693
v   -16.178980    10.529537     3.001545
v   -16.694504     8.864259     2.481929
v   -18.058017     4.967545     2.481929
v   -18.579897     3.126576     2.075852
v   -18.509301     0.704681    -0.972786
v   -18.799953    -1.874828    -0.972786
v   -18.823398    -2.130835    -0.990514
v   -18.616602    -3.164757    -2.056267
v   -18.616602    -4.539151    -0.681844
v   -18.130238    -5.143232    -4.394509
v   -18.069682    -5.680635    -4.394509
v   -18.418046    -5.352582    -1.630546
v   -17.884648    -6.162646    -4.825424
v   -17.472710    -8.258810    -2.338533
v   -17.265391    -7.339646    -6.429710
v   -17.097970    -7.678638    -6.806975
v   -16.612651    -9.065625    -6.806975
v   -16.672191    -9.111876    -6.221260
v   -15.855801   -11.145916    -3.169344
v   -16.140389    -9.584951    -7.771752
v   -14.956136   -11.469704    -7.771752
v   -14.821212   -11.819955    -7.208815
v   -14.945197   -11.933697    -5.916797
v   -14.099239   -13.288244    -3.152486
v   -13.468435   -13.172732    -7.208815
v   -12.989354   -13.886667    -5.932466
v   -13.044600   -13.946904    -5.304737
v   -11.971478   -15.187332    -1.562185
v   -10.754088   -15.291151    -5.932466
v    -9.737460   -16.084009    -4.914125
v    -9.543025   -16.195459    -4.829457
v    -9.354160   -16.310942    -4.665343
v    -4.014286   -18.179476    -4.665343
v    -3.763560   -18.303257    -4.386327
v    -3.215595   -18.505498    -3.986633
v    -2.930485   -18.534746    -4.012051
v     0.926824   -18.969345    -4.012051
v     1.343289   -19.071742    -3.519855
v     1.343289   -19.103254    -3.240230
v     1.418266   -19.220594    -2.123845
v     4.242959   -19.220594     0.700849
v     4.512111   -18.934759    -1.566856
v     3.101650   -18.873622    -3.519855
v     3.377475   -18.845303    -3.495250
v     4.473665   -18.877278    -2.115401
v     7.743926   -18.299630     2.267386
v     8.352968   -17.728105    -0.504644
v     6.258807   -18.252625    -2.115401
v     7.457452   -17.875477    -1.788508
v     9.029792   -17.390332    -0.234129
v    11.276722   -15.978507    -0.234129
v    13.179843   -14.924042     0.700385
v    13.499743   -14.656661     0.649897
v    13.784533   -14.440087     0.828229
v    16.730397   -11.494223     0.828229
v    16.808043   -11.392116     0.764307
v    17.095533   -11.048191     0.818566
v    17.771892    -9.827407     0.219128
v    18.825371    -8.150813     0.219128
v    19.144777    -7.510810    -0.036676
v    19.207423    -7.130035    -0.582609
v    19.606884    -5.860504    -0.928856
v    20.092174    -4.473576    -0.928856
v    20.298680    -3.745190    -1.089545
v    20.281677    -3.161943    -1.823705
v    20.405690    -1.953519    -1.931498
v    20.547839    -0.691823    -1.931498
v    20.195587     1.339548    -3.847241
v    19.883260     2.060389    -4.609082
v    19.796270     3.051599    -4.527721
v    19.334280     6.560632    -4.527721
v    18.590168     9.318473    -5.065501
v    18.339674    10.244311    -4.821478
v    17.645673    11.919744    -4.821478
v    16.348926    14.239591    -4.995834
v    16.346256    14.244001    -4.995602
v    16.182433    14.588333    -4.833200
v    15.529547    15.439164    -4.833200
v    14.212749    16.881775    -4.683362
v    13.183557    17.745403    -4.563846
v    12.994228    17.985393    -4.345763
v    11.742281    18.915815    -3.901269
v     8.602737    20.259423    -3.822055
v     8.580075    20.265575    -3.828033
v     8.166106    20.498746    -3.534740
v     8.055585    20.509395    -3.546753
v     3.815440    21.067602    -3.546753
v     3.741624    21.074102    -3.552817
v     3.554442    20.993002    -3.750647
v     2.917312    20.648004    -4.552994
v    -1.005283    20.131580    -4.552994
v    -1.141629    20.045460    -4.680548
v    -1.363890    19.920257    -4.837988
v    -1.801043    19.801988    -4.722795
v    -4.819824    18.551579    -4.722795
v    -6.028102    18.194539    -4.329862
v    -6.379513    18.227907    -3.839668
v    -7.824648    17.540377    -3.158086
v    -8.920431    16.699526    -3.158086
v   -10.475594    15.893959    -2.265384
v   -10.593341    15.877391    -2.095438
v   -11.045495    15.549193    -1.771418
v   -13.865488    11.874102    -1.771418
v   -13.925841    11.747303    -1.831220
v   -13.920676    11.692985    -1.906980
v   -15.034217     7.924667    -3.132436
v   -16.956140     3.284713    -3.132436
v   -17.585494     0.958425    -3.745541
v   -18.345797     0.709672    -1.509869
v   -16.798932    -1.783109    -7.271692
v   -16.816168    -1.961992    -7.291133
v   -17.243920    -5.211042    -7.291133
v   -17.479180    -5.143232    -6.540754
v   -17.024995    -5.716267    -7.825112
v   -16.084533    -7.453127   -10.012414
v   -16.007902    -8.035301   -10.012414
v   -15.963740    -8.105200   -10.077758
v   -15.897700    -9.513572    -8.660623
v   -14.953263    -9.924929   -10.781044
v   -15.404895    -8.651568   -10.988740
v   -15.144913    -8.951563   -11.360520
v   -14.795939    -9.794126   -11.360520
v   -14.798173    -9.817716   -11.327587
v   -14.656692   -11.257250    -9.110050
v   -14.036681   -11.468718   -10.163935
v   -14.048868   -11.480905   -10.114434
v   -14.181441   -10.621455   -11.327587
v   -14.146158   -10.689526   -11.288502
v   -13.440724   -13.133677    -7.383404
v   -12.103239   -13.431408    -9.060926
v   -13.060849   -12.217501   -10.163935
v   -11.822220   -13.640235    -8.961141
v   -11.230819   -14.196702    -8.389702
v    -6.366108   -16.344426    -8.026250
v    -6.659400   -16.090247    -8.389702
v    -4.212406   -17.573886    -6.446046
v    -4.452077   -17.422510    -6.670194
v    -0.134895   -18.110708    -6.446046
v    -0.120242   -18.118630    -6.427621
v     0.926824   -18.572321    -5.320928
v     1.014742   -18.564603    -5.313703
v     3.433649   -18.673645    -4.000068
v     2.043180   -18.429215    -5.313703
v     2.393953   -18.395412    -5.275605
v     2.500180   -18.405800    -5.200715
v     4.723723   -18.324613    -3.660060
v     5.419872   -18.036254    -3.660060
v     7.678060   -17.368947    -2.925698
v     7.760987   -17.307317    -2.955149
v     9.918577   -16.280823    -1.937563
v    12.182858   -14.543383    -1.937563
v    13.861367   -13.673865    -0.974033
v    15.756045   -11.779188    -0.974033
v    15.946650   -11.411266    -1.185240
v    18.021138    -8.707714    -1.185240
v    18.536576    -7.624349    -1.696209
v    18.758692    -7.325486    -1.590098
v    19.341505    -5.353162    -2.231493
v    19.667585    -4.565962    -2.231493
v    20.024712    -3.246031    -2.579364
v    19.802364    -2.471133    -3.576001
v    19.957134    -0.863916    -3.750618
v    20.092319     0.162810    -3.750618
v    19.721322     2.060389    -4.912065
v    19.002919     3.127244    -5.993341
v    18.870955     4.742179    -5.842488
v    18.450486     7.396782    -5.842488
v    18.281498     9.372587    -5.590601
v    17.954547     9.805591    -5.861377
v    17.611870    11.176590    -5.448220
v    16.678314    13.008767    -5.448220
v    15.638153    15.033117    -5.161514
v    15.555545    15.218586    -5.064950
v    13.849529    16.924573    -5.064950
v    13.781167    16.955040    -5.100552
v    13.249365    17.432206    -4.988754
v    11.919568    17.788085    -5.477526
v     9.873225    18.830770    -5.477526
v     8.783941    19.103025    -5.805782
v     8.211081    18.797227    -6.499639
v     6.004570    18.985947    -6.780918
v     3.582414    19.369594    -6.780918
v     2.917312    19.423941    -6.843070
v     2.510017    19.149683    -7.255850
v     2.406923    19.141239    -7.246217
v     0.072249    18.771490    -7.246217
v    -1.273709    18.656355    -7.074646
v    -1.558848    18.808544    -6.729299
v    -2.930863    18.465634    -6.315852
v    -6.227470    17.246098    -5.616628
v    -4.325161    17.755181    -6.315852
v    -6.868111    16.941373    -5.314312
v    -6.270181    17.207739    -5.625623
v   -10.817575    12.991938    -5.314312
v   -11.256469    12.252991    -5.521543
v   -11.038560    12.495825    -5.572611
v   -12.745592     6.688766    -7.566755
v   -14.794952     2.666646    -7.566755
v   -15.866247    -1.619547    -8.858396
v   -15.065931    -4.654460   -11.099957
v   -15.473836    -7.229937   -11.099957
v   -14.952712    -3.330960   -10.931230
v   -15.492087    -7.453127   -11.120820
v   -15.207297    -7.876033   -11.549442
v   -14.721281    -8.425332   -12.247650
v   -14.623440    -9.043021   -12.247650
v   -14.577043    -9.093451   -12.294482
v   -14.605015    -9.708094   -11.776114
v   -14.467044    -9.150409   -12.417509
v   -14.252269    -9.571893   -12.417509
v   -14.308589    -9.770420   -12.178245
v   -14.272058    -9.852419   -12.135562
v   -13.612846   -10.752374   -11.848828
v   -13.773536   -10.350969   -12.135562
v   -13.616299   -10.683288   -11.926967
v   -13.264714   -11.247617   -11.479833
v    -9.350795   -13.527799   -11.045379
v    -9.674292   -13.077038   -11.479833
v    -7.838923   -14.669428   -10.099897
v    -6.729502   -15.690409    -9.069950
v    -1.793963   -16.745193    -8.592059
v    -2.169893   -16.412584    -9.069950
v    -0.134895   -17.874200    -6.888480
v    -0.138115   -17.860214    -6.913840
v     1.041350   -17.673410    -6.913840
v     4.200683   -17.980775    -4.688266
v     6.027841   -17.049802    -4.688266
v     7.921648   -16.542982    -3.992175
v     9.024540   -15.553367    -4.224041
v    10.971272   -14.686141    -3.210488
v    15.559810   -10.097603    -3.210488
v    16.133425    -9.826246    -2.850518
v    18.009851    -7.735074    -2.410840
v    18.469433    -6.017741    -3.042051
v    19.297778    -4.392012    -3.042051
v    19.776772    -2.475631    -3.619554
v    19.347946    -1.672269    -4.592572
v    19.467434    -0.275126    -4.770700
v    19.597657     0.546922    -4.770700
v    18.975006     3.127244    -6.027377
v    18.027232     4.185626    -6.977936
v    17.911023     5.740064    -6.819596
v    17.314602     8.738330    -6.819596
v    17.233967     9.877173    -6.655570
v    16.828848    10.317663    -6.865325
v    16.548671    11.550402    -6.461367
v    14.599792    14.467104    -6.461367
v    14.443861    15.111111    -6.209596
v    13.863660    15.691312    -6.209596
v    12.577619    16.002681    -6.712412
v    10.142057    17.630065    -6.712412
v     8.349196    18.037534    -7.299867
v     8.280226    18.100963    -7.267021
v     5.774794    18.278395    -7.627891
v     4.568517    18.518327    -7.627891
v     2.510017    18.672256    -7.837589
v     2.358670    18.536723    -7.973528
v     1.085512    18.441522    -7.843798
v    -1.329361    18.096262    -7.691929
v    -0.274838    18.170949    -7.843798
v    -2.143720    17.561268    -7.831321
v    -1.834702    17.631486    -7.932558
v    -6.434295    14.694385    -7.831321
v    -8.053002    12.690754    -8.192714
v    -6.739803    14.003953    -8.192714
v    -9.408536     7.092144   -10.381583
v   -12.385389     2.636992   -10.381583
v   -13.713793    -3.207875   -12.296716
v   -13.610090    -3.352693   -12.445713
v   -13.735467    -5.123270   -12.700704
v   -14.182080    -7.368661   -12.700704
v   -14.261119    -8.425332   -12.808382
v   -14.217421    -8.474108   -12.852196
v   -14.436200    -9.145941   -12.455984
v   -14.108379    -9.178496   -12.817232
v   -14.060503    -8.597280   -13.001076
v   -13.960514    -9.100009   -13.001076
v   -14.136815    -9.498106   -12.595202
v   -13.827883    -9.518272   -12.866327
v   -13.877065    -9.117969   -13.066623
v   -13.697021    -9.387411   -13.066623
v   -13.015990    -9.177104   -13.677175
v   -12.785517    -9.232901   -13.767298
v   -10.967326   -10.447795   -13.767298
v    -9.886369   -10.942254   -13.832671
v   -10.137327   -10.636427   -14.039234
v   -10.107586   -10.663789   -14.025075
v    -3.944618   -13.401290   -12.396676
v    -5.132557   -11.887852   -13.832671
v    -2.470178   -14.721598   -11.072450
v    -2.169893   -16.050583    -9.511049
v     0.953809   -17.067733    -7.668745
v    -1.826403   -14.593522   -11.072450
v     0.998668   -16.616218    -8.166425
v     1.041379   -16.606497    -8.152411
v     7.632795   -12.202268    -8.152411
v     9.269202   -11.806056    -7.512640
v     9.554167   -11.521121    -7.512640
v    12.288476   -10.311188    -6.081404
v    17.877684    -1.946324    -6.081404
v    18.052417    -1.868039    -5.969084
v    18.099626    -1.857883    -5.932001
v    18.188183    -1.787491    -5.870778
v    18.860045     1.590129    -5.870778
v    15.991189     4.185626    -8.648872
v    15.939164     4.929244    -8.570181
v    14.468959    10.416172    -8.570181
v    14.403906    10.454589    -8.599458
v    14.298665    10.919539    -8.446777
v     9.478580    15.739624    -8.446777
v     9.039222    15.839061    -8.591043
v     8.532751    16.356849    -8.457745
v     8.410739    16.563471    -8.364778
v     4.171406    17.699413    -8.364778
v     2.358670    17.826241    -8.556602
v     1.826896    17.412010    -8.809765
v     1.982044    17.422862    -8.826159
v    -1.885392    16.417289    -8.809765
v    -3.709184    13.746699    -9.888807
v    -3.086533    14.383248    -9.724954
v    -4.996211     8.531418   -11.915245
v    -9.175945     4.351713   -11.915245
v   -10.659148    -2.201692   -14.067206
v   -11.756731    -3.275308   -13.784620
v   -11.805768    -4.160640   -13.922126
v   -12.775826    -7.780861   -13.922126
v   -12.823876    -8.467898   -13.994811
v   -13.339575    -8.597280   -13.592738
v   -13.495564    -9.029268   -13.394183
v   -12.796572    -8.483712   -14.011698
v   -12.699805    -8.844872   -14.011698
v   -13.005196    -9.049753   -13.748467
v   -11.153956    -8.767516   -14.849038
v   -11.123895    -8.774915   -14.860731
v   -10.831764    -9.067076   -14.860731
v   -10.196868    -9.210762   -15.069210
v    -9.633989    -8.790380   -15.486516
v    -8.577435    -8.602503   -15.830615
v    -7.724021    -8.649799   -15.963160
v    -6.228282    -9.050566   -15.963160
v    -6.126640    -9.226286   -15.854669
v    -5.132557   -11.453688   -14.188956
v    -5.531438    -9.863677   -15.428717
v    -2.320398   -12.469127   -12.896561
v    -2.274147   -11.361359   -13.696847
v    -4.595821    -9.612980   -15.428717
v    -2.293616   -11.332343   -13.721859
v     3.650891    -5.387836   -13.721859
v     8.384102    -4.219774   -11.882747
v     8.936767    -4.247426   -11.583362
v    12.449746    -2.172937   -10.002752
v    13.805889     2.888327   -10.002752
v    15.897903     4.098521    -8.711227
v    11.232299     2.888327   -11.378364
v    13.835050    10.231921    -8.935404
v     9.370409     2.301104   -12.289462
v     7.296849     7.307152   -12.289462
v     8.116315     9.335795   -11.571117
v     8.842002    10.061482   -11.126942
v     1.571180    12.046863   -11.571117
v     1.571180    12.732449   -11.274401
v     1.982044    14.035116   -10.636951
v    -0.485290     7.202898   -13.298924
v    -4.888591     5.378990   -13.298924
v    -7.708671    -1.579679   -15.055457
v    -8.407547    -2.278555   -15.055457
v    -8.488704    -3.744842   -15.283202
v   -10.355672    -8.252049   -15.283202
v   -10.356571    -8.263946   -15.284421
v   -11.053358    -8.483712   -14.943456
v    -9.896844    -8.459106   -15.448418
v    -9.784959    -8.729215   -15.448418
v    -8.222484    -8.459106   -15.956312
v    -7.827317    -8.371333   -16.065151
v    -7.130182    -8.409895   -16.173438
v    -7.091939    -8.425767   -16.173438
v    -6.295570    -8.486294   -16.255117
v    -6.271400    -8.514382   -16.243569
v    -6.228282    -8.651104   -16.176658
v    -4.770032    -9.167935   -15.691571
v    -5.126173    -8.040030   -16.243569
v    -4.809146    -8.022476   -16.194329
v    -3.667575    -6.880905   -16.194329
v     0.299008    -5.273398   -15.193050
v     1.332669    -2.777947   -15.193050
v     2.923144    -1.535981   -14.727345
v     6.843070     0.128194   -13.329158
v     4.652983     4.663314   -13.423663
v    -0.974439    -3.882958   -15.754072
v    -2.947082    -1.910344   -15.754072
v    -0.485290     3.229525   -14.504243
v    -3.673843    -2.705552   -15.903967
v    -4.199871    -4.803341   -16.162383
v    -7.322122    -7.925592   -16.162383
v    -7.350964    -8.143182   -16.180982
v    -7.043483    -8.220277   -16.218877
v    -6.914130    -8.349630   -16.218877
v    -6.295570    -8.431628   -16.271714
v    -6.102383    -8.220277   -16.311553
v    -5.715485    -8.004457   -16.328411
v    -5.402404    -7.962964   -16.301659
v    -3.928283    -6.488843   -16.301659
v    -3.786859    -6.453385   -16.284220
v    -4.199871    -6.488843   -16.328411
f      1      2      3
f      1      3      4
f      1      4      5
f      1      5      6
f      1      6      7
f      8      9     10
f      8     10     11
f      8     11      2
f      8      2      1
f      3     12     13
f      3     13      4
f      6      5     14
f      6     14     15
f      6     15     16
f     17      7      6
f     17      6     16
f     17     16     18
f     17     18     19
f     17     19     20
f     17     20     21
f     22     23      8
f     22      8      1
f     22      1      7
f     22      7     17
f     24     25     26
f     24     26     27
f     24     27     23
f     24     23     22
f     28     29     30
f     28     30     26
f     28     26     25
f     27     31      9
f     27      9      8
f     27      8     23
f     32     33     10
f     32     10      9
f     32      9     31
f     11     34     35
f     11     35     36
f     11     36     12
f     11     12      3
f     11      3      2
f     36     37     38
f     36     38     13
f     36     13     12
f      4     13     38
f      4     38     39
f      4     39     14
f      4     14      5
f     40     41     42
f     40     42     43
f     40     43     44
f     16     15     45
f     16     45     41
f     16     41     40
f     16     40     18
f     20     19     46
f     20     46     47
f     48     49     50
f     48     50     51
f     48     51     52
f     48     52     53
f     48     53     54
f     48     54     55
f     48     55     56
f     48     56     57
f     48     57     58
f     48     58     59
f     48     59     60
f     48     60     61
f     62     21     20
f     62     20     47
f     62     47     50
f     62     50     49
f     62     49     63
f     64     65     66
f     64     66     67
f     64     67     24
f     64     24     22
f     64     22     17
f     64     17     21
f     64     21     62
f     67     68     69
f     67     69     28
f     67     28     25
f     67     25     24
f     66     70     71
f     66     71     72
f     66     72     68
f     66     68     67
f     72     73     74
f     72     74     69
f     72     69     68
f     69     74     29
f     69     29     28
f     75     76     77
f     75     77     78
f     75     78     30
f     75     30     29
f     75     29     74
f     75     74     73
f     26     30     78
f     26     78     79
f     26     79     32
f     26     32     31
f     26     31     27
f     79     80     81
f     79     81     82
f     79     82     83
f     79     83     33
f     79     33     32
f     10     33     83
f     10     83     84
f     10     84     85
f     10     85     86
f     10     86     34
f     10     34     11
f     86     87     35
f     86     35     34
f     35     87     88
f     35     88     89
f     35     89     37
f     35     37     36
f     38     37     89
f     38     89     90
f     38     90     39
f     14     39     90
f     14     90     91
f     14     91     45
f     14     45     15
f     92     44     43
f     92     43     93
f     92     93     94
f     46     19     18
f     46     18     40
f     46     40     44
f     46     44     92
f     52     95     96
f     52     96     97
f     52     97     98
f     52     98     53
f     51     95     52
f     53     98     99
f     53     99    100
f     53    100     54
f    101    102     48
f    101     48     61
f    101     61    103
f    101    103    104
f    101    104    105
f    101    105    106
f    101    106    107
f    108     63     49
f    108     49     48
f    108     48    102
f    108    102    109
f    110    111     64
f    110     64     62
f    110     62     63
f    110     63    108
f    112    113    114
f    112    114    115
f    112    115     65
f    112     65     64
f    112     64    111
f    114    116    117
f    114    117    118
f    114    118    119
f    114    119    115
f    115    119    120
f    115    120     70
f    115     70     66
f    115     66     65
f    118    121    122
f    118    122    123
f    118    123    120
f    118    120    119
f    120    123    124
f    120    124    125
f    120    125    126
f    120    126     71
f    120     71     70
f     71    126     75
f     71     75     73
f     71     73     72
f    125    127    128
f    125    128     76
f    125     76     75
f    125     75    126
f    128    129    130
f    128    130     77
f    128     77     76
f    130    129    131
f    130    131    132
f    130    132    133
f     78     77    130
f     78    130    133
f     78    133    134
f     78    134     80
f     78     80     79
f    134    135    136
f    134    136    137
f    134    137    138
f    134    138    139
f    134    139    140
f    134    140     81
f    134     81     80
f     81    140    141
f     81    141    142
f     81    142    143
f     81    143     82
f     82    143    144
f     82    144     84
f     82     84     83
f     84    144    145
f     84    145    146
f     84    146     85
f     85    146     88
f     85     88     87
f     85     87     86
f     90     89     88
f     90     88    146
f     90    146    145
f     90    145    147
f     90    147    148
f     90    148     91
f     45     91    148
f     45    148    149
f     45    149     42
f     45     42     41
f     43     42    149
f     43    149    150
f     43    150    151
f     43    151    152
f     43    152     93
f     94     93    152
f     94    152    153
f     94    153    154
f     94    154    155
f     50     47     46
f     50     46     92
f     50     92     94
f     50     94    155
f     50    155    156
f     50    156    157
f     50    157     96
f     50     96     95
f     50     95     51
f    157    158     97
f    157     97     96
f     97    158     99
f     97     99     98
f     54    100    159
f     54    159     55
f     57    160     58
f     61     60    161
f     61    161    162
f     61    162    103
f    163    164    101
f    163    101    107
f    163    107    165
f    163    165    166
f    163    166    167
f    168    109    102
f    168    102    101
f    168    101    164
f    169    170    110
f    169    110    108
f    169    108    109
f    169    109    168
f    169    168    171
f    172    173    174
f    172    174    112
f    172    112    111
f    172    111    110
f    172    110    170
f    174    175    176
f    174    176    113
f    174    113    112
f    176    177    178
f    176    178    116
f    176    116    114
f    176    114    113
f    178    179    180
f    178    180    181
f    178    181    182
f    178    182    117
f    178    117    116
f    117    182    183
f    117    183    121
f    117    121    118
f    181    184    185
f    181    185    186
f    181    186    187
f    181    187    183
f    181    183    182
f    183    187    188
f    183    188    189
f    183    189    122
f    183    122    121
f    122    189    190
f    122    190    191
f    122    191    124
f    122    124    123
f    124    191    192
f    124    192    127
f    124    127    125
f    192    193    194
f    192    194    131
f    192    131    129
f    192    129    128
f    192    128    127
f    194    195    196
f    194    196    132
f    194    132    131
f    133    132    196
f    133    196    197
f    133    197    198
f    133    198    135
f    133    135    134
f    198    199    200
f    198    200    201
f    198    201    136
f    198    136    135
f    136    201    202
f    136    202    203
f    136    203    204
f    136    204    205
f    136    205    206
f    136    206    137
f    137    206    207
f    137    207    208
f    137    208    209
f    137    209    210
f    137    210    138
f    138    210    211
f    138    211    212
f    138    212    213
f    138    213    214
f    138    214    139
f    139    214    215
f    139    215    216
f    139    216    141
f    139    141    140
f    141    216    217
f    141    217    218
f    141    218    142
f    147    145    144
f    147    144    143
f    147    143    142
f    147    142    218
f    147    218    219
f    219    218    217
f    219    217    220
f    219    220    221
f    219    221    222
f    149    148    147
f    149    147    219
f    149    219    222
f    149    222    150
f    150    222    221
f    150    221    223
f    150    223    224
f    150    224    225
f    150    225    226
f    150    226    151
f    152    151    226
f    152    226    227
f    152    227    228
f    152    228    229
f    152    229    153
f    227    230    231
f    227    231    232
f    227    232    233
f    227    233    234
f    227    234    228
f    228    234    235
f    228    235    236
f    228    236    237
f    228    237    238
f    228    238    239
f    228    239    229
f    153    229    239
f    153    239    240
f    153    240    241
f    153    241    154
f    155    154    241
f    155    241    242
f    155    242    243
f    155    243    156
f    156    243    244
f    156    244    245
f    156    245    159
f    156    159    100
f    156    100     99
f    156     99    158
f    156    158    157
f     55    159    245
f     55    245    246
f     55    246     56
f     56    246    247
f     56    247    160
f     56    160     57
f     59    248    161
f     59    161     60
f    103    162    249
f    103    249    250
f    103    250    104
f    104    250    251
f    104    251    105
f    252    253    163
f    252    163    167
f    252    167    254
f    252    254    255
f    252    255    256
f    257    171    168
f    257    168    164
f    257    164    163
f    257    163    253
f    258    259    260
f    258    260    169
f    258    169    171
f    258    171    257
f    260    261    262
f    260    262    172
f    260    172    170
f    260    170    169
f    262    263    264
f    262    264    265
f    262    265    173
f    262    173    172
f    265    266    267
f    265    267    175
f    265    175    174
f    265    174    173
f    267    268    269
f    267    269    177
f    267    177    176
f    267    176    175
f    269    270    271
f    269    271    179
f    269    179    178
f    269    178    177
f    271    272    273
f    271    273    274
f    271    274    275
f    271    275    276
f    271    276    277
f    271    277    278
f    271    278    180
f    271    180    179
f    180    278    184
f    180    184    181
f    277    279    280
f    277    280    281
f    277    281    282
f    277    282    283
f    277    283    284
f    277    284    285
f    277    285    185
f    277    185    184
f    277    184    278
f    185    285    286
f    185    286    287
f    185    287    288
f    185    288    289
f    185    289    186
f    186    289    290
f    186    290    291
f    186    291    188
f    186    188    187
f    188    291    292
f    188    292    293
f    188    293    190
f    188    190    189
f    190    293    294
f    190    294    295
f    190    295    193
f    190    193    192
f    190    192    191
f    295    296    195
f    295    195    194
f    295    194    193
f    196    195    296
f    196    296    297
f    196    297    298
f    196    298    197
f    197    298    299
f    197    299    199
f    197    199    198
f    200    300    301
f    200    301    202
f    200    202    201
f    202    301    302
f    202    302    303
f    202    303    203
f    208    304    305
f    208    305    209
f    209    305    306
f    209    306    211
f    209    211    210
f    211    306    307
f    211    307    308
f    211    308    309
f    211    309    310
f    211    310    311
f    211    311    312
f    211    312    212
f    212    312    313
f    212    313    213
f    213    313    314
f    213    314    315
f    213    315    316
f    213    316    215
f    213    215    214
f    217    216    215
f    217    215    316
f    217    316    317
f    217    317    318
f    217    318    319
f    217    319    220
f    319    318    320
f    319    320    321
f    319    321    322
f    221    220    319
f    221    319    322
f    221    322    323
f    221    323    324
f    221    324    223
f    223    324    325
f    223    325    326
f    223    326    224
f    224    326    327
f    224    327    328
f    224    328    225
f    226    225    328
f    226    328    329
f    226    329    330
f    226    330    331
f    226    331    230
f    226    230    227
f    331    332    231
f    331    231    230
f    231    332    333
f    231    333    334
f    231    334    335
f    231    335    232
f    233    336    337
f    233    337    235
f    233    235    234
f    235    337    338
f    235    338    339
f    235    339    236
f    239    238    340
f    239    340    341
f    239    341    240
f    241    240    341
f    241    341    342
f    241    342    343
f    241    343    242
f    242    343    344
f    242    344    345
f    242    345    244
f    242    244    243
f    245    244    345
f    245    345    346
f    245    346    247
f    245    247    246
f     58    160    247
f     58    247    346
f     58    346    347
f     58    347    348
f     58    348    248
f     58    248     59
f    161    248    348
f    161    348    349
f    161    349    249
f    161    249    162
f    249    349    350
f    249    350    351
f    249    351    251
f    249    251    250
f    107    106    352
f    107    352    353
f    107    353    165
f    165    353    354
f    165    354    166
f    252    256    355
f    252    355    356
f    252    356    357
f    252    357    358
f    252    358    359
f    359    360    258
f    359    258    257
f    359    257    253
f    359    253    252
f    360    361    362
f    360    362    363
f    360    363    364
f    360    364    259
f    360    259    258
f    364    365    366
f    364    366    261
f    364    261    260
f    364    260    259
f    366    367    368
f    366    368    263
f    366    263    262
f    366    262    261
f    368    369    370
f    368    370    371
f    368    371    264
f    368    264    263
f    264    371    372
f    264    372    373
f    264    373    266
f    264    266    265
f    373    374    375
f    373    375    268
f    373    268    267
f    373    267    266
f    375    376    377
f    375    377    378
f    375    378    379
f    375    379    380
f    375    380    270
f    375    270    269
f    375    269    268
f    380    381    382
f    380    382    272
f    380    272    271
f    380    271    270
f    382    383    384
f    382    384    273
f    382    273    272
f    276    385    386
f    276    386    279
f    276    279    277
f    386    387    280
f    386    280    279
f    283    388    389
f    283    389    390
f    283    390    284
f    284    390    286
f    284    286    285
f    288    391    392
f    288    392    290
f    288    290    289
f    290    392    393
f    290    393    394
f    290    394    292
f    290    292    291
f    292    394    395
f    292    395    396
f    292    396    294
f    292    294    293
f    294    396    397
f    294    397    398
f    294    398    297
f    294    297    296
f    294    296    295
f    398    399    400
f    398    400    401
f    398    401    299
f    398    299    298
f    398    298    297
f    299    401    402
f    299    402    300
f    299    300    200
f    299    200    199
f    402    302    301
f    402    301    300
f    203    303    403
f    203    403    404
f    203    404    204
f    204    404    405
f    204    405    205
f    406    407    307
f    406    307    306
f    406    306    305
f    406    305    304
f    307    407    408
f    307    408    308
f    310    409    410
f    310    410    411
f    310    411    412
f    310    412    311
f    311    412    413
f    311    413    314
f    311    314    313
f    311    313    312
f    314    413    414
f    314    414    415
f    314    415    416
f    314    416    315
f    316    315    416
f    316    416    417
f    316    417    418
f    316    418    317
f    317    418    419
f    317    419    420
f    317    420    320
f    317    320    318
f    320    420    421
f    320    421    422
f    320    422    423
f    320    423    321
f    322    321    423
f    322    423    424
f    322    424    425
f    322    425    323
f    323    425    426
f    323    426    427
f    323    427    325
f    323    325    324
f    325    427    428
f    325    428    429
f    325    429    430
f    325    430    327
f    325    327    326
f    328    327    430
f    328    430    431
f    328    431    329
f    329    431    432
f    329    432    433
f    329    433    434
f    329    434    330
f    330    434    435
f    330    435    333
f    330    333    332
f    330    332    331
f    435    436    437
f    435    437    438
f    435    438    334
f    435    334    333
f    232    335    439
f    232    439    336
f    232    336    233
f    439    440    441
f    439    441    338
f    439    338    337
f    439    337    336
f    236    339    442
f    236    442    237
f    237    442    443
f    237    443    444
f    237    444    445
f    237    445    340
f    237    340    238
f    341    340    445
f    341    445    446
f    341    446    342
f    344    343    342
f    344    342    446
f    344    446    447
f    344    447    448
f    344    448    449
f    346    345    344
f    346    344    449
f    346    449    450
f    346    450    451
f    346    451    347
f    347    451    350
f    347    350    349
f    347    349    348
f    351    350    451
f    351    451    450
f    351    450    452
f    351    452    453
f    351    453    454
f    105    251    351
f    105    351    454
f    105    454    455
f    105    455    352
f    105    352    106
f    354    353    352
f    354    352    455
f    354    455    456
f    354    456    457
f    354    457    458
f    167    166    354
f    167    354    458
f    167    458    459
f    167    459    254
f    254    459    460
f    254    460    461
f    254    461    255
f    357    462    463
f    357    463    358
f    358    463    464
f    358    464    361
f    358    361    360
f    358    360    359
f    362    465    466
f    362    466    467
f    362    467    363
f    363    467    468
f    363    468    469
f    363    469    365
f    363    365    364
f    469    470    471
f    469    471    472
f    469    472    367
f    469    367    366
f    469    366    365
f    472    473    474
f    472    474    475
f    472    475    476
f    472    476    477
f    472    477    369
f    472    369    368
f    472    368    367
f    477    478    479
f    477    479    480
f    477    480    370
f    477    370    369
f    370    480    481
f    370    481    482
f    370    482    483
f    370    483    484
f    370    484    372
f    370    372    371
f    372    484    485
f    372    485    486
f    372    486    487
f    372    487    374
f    372    374    373
f    487    488    489
f    487    489    376
f    487    376    375
f    487    375    374
f    489    490    491
f    489    491    492
f    489    492    377
f    489    377    376
f    379    493    494
f    379    494    381
f    379    381    380
f    494    495    383
f    494    383    382
f    494    382    381
f    275    496    385
f    275    385    276
f    497    498    387
f    497    387    386
f    497    386    385
f    497    385    496
f    281    499    500
f    281    500    501
f    281    501    282
f    282    501    388
f    282    388    283
f    286    390    389
f    286    389    502
f    286    502    287
f    287    502    503
f    287    503    504
f    287    504    391
f    287    391    288
f    504    505    506
f    504    506    507
f    504    507    393
f    504    393    392
f    504    392    391
f    393    507    508
f    393    508    509
f    393    509    395
f    393    395    394
f    395    509    510
f    395    510    511
f    395    511    512
f    395    512    397
f    395    397    396
f    397    512    513
f    397    513    399
f    397    399    398
f    513    514    515
f    513    515    516
f    513    516    400
f    513    400    399
f    400    516    517
f    400    517    403
f    400    403    303
f    400    303    302
f    400    302    402
f    400    402    401
f    403    517    518
f    403    518    405
f    403    405    404
f    205    405    518
f    205    518    519
f    205    519    520
f    205    520    207
f    205    207    206
f    207    520    521
f    207    521    406
f    207    406    304
f    207    304    208
f    308    408    522
f    308    522    309
f    309    522    523
f    309    523    524
f    309    524    409
f    309    409    310
f    410    525    526
f    410    526    411
f    411    526    527
f    411    527    414
f    411    414    413
f    411    413    412
f    414    527    528
f    414    528    529
f    414    529    415
f    416    415    529
f    416    529    530
f    416    530    417
f    417    530    531
f    417    531    532
f    417    532    533
f    417    533    419
f    417    419    418
f    419    533    534
f    419    534    535
f    419    535    421
f    419    421    420
f    421    535    536
f    421    536    537
f    421    537    422
f    423    422    537
f    423    537    538
f    423    538    424
f    424    538    539
f    424    539    540
f    424    540    426
f    424    426    425
f    426    540    541
f    426    541    428
f    426    428    427
f    428    541    542
f    428    542    543
f    428    543    544
f    428    544    429
f    430    429    544
f    430    544    545
f    430    545    432
f    430    432    431
f    432    545    546
f    432    546    547
f    432    547    548
f    432    548    433
f    433    548    549
f    433    549    436
f    433    436    435
f    433    435    434
f    549    550    551
f    549    551    437
f    549    437    436
f    437    551    552
f    437    552    553
f    437    553    438
f    334    438    553
f    334    553    554
f    334    554    440
f    334    440    439
f    334    439    335
f    555    441    440
f    555    440    554
f    555    554    556
f    338    441    555
f    338    555    557
f    338    557    443
f    338    443    442
f    338    442    339
f    444    443    557
f    444    557    558
f    444    558    559
f    446    445    444
f    446    444    559
f    446    559    560
f    446    560    561
f    446    561    447
f    448    447    561
f    448    561    562
f    450    449    448
f    450    448    562
f    450    562    563
f    450    563    564
f    450    564    452
f    453    452    564
f    453    564    565
f    453    565    566
f    455    454    453
f    455    453    566
f    455    566    567
f    455    567    456
f    456    567    568
f    456    568    569
f    456    569    570
f    456    570    457
f    458    457    570
f    458    570    571
f    458    571    460
f    458    460    459
f    461    460    571
f    461    571    572
f    461    572    573
f    461    573    574
f    256    255    461
f    256    461    574
f    256    574    575
f    256    575    355
f    355    575    576
f    355    576    577
f    355    577    356
f    578    579    580
f    578    580    464
f    578    464    463
f    578    463    462
f    464    580    581
f    464    581    465
f    464    465    362
f    464    362    361
f    466    582    583
f    466    583    584
f    466    584    468
f    466    468    467
f    468    584    585
f    468    585    470
f    468    470    469
f    471    586    473
f    471    473    472
f    474    587    588
f    474    588    475
f    476    589    590
f    476    590    478
f    476    478    477
f    479    591    481
f    479    481    480
f    483    592    485
f    483    485    484
f    486    593    594
f    486    594    595
f    486    595    488
f    486    488    487
f    595    490    489
f    595    489    488
f    377    492    596
f    377    596    597
f    377    597    378
f    378    597    493
f    378    493    379
f    273    384    598
f    273    598    599
f    273    599    274
f    274    599    497
f    274    497    496
f    274    496    275
f    280    387    498
f    280    498    600
f    280    600    499
f    280    499    281
f    601    500    499
f    601    499    600
f    602    603    503
f    602    503    502
f    602    502    389
f    602    389    388
f    602    388    501
f    602    501    500
f    602    500    601
f    503    603    604
f    503    604    605
f    503    605    505
f    503    505    504
f    605    606    607
f    605    607    608
f    605    608    506
f    605    506    505
f    506    608    609
f    506    609    610
f    506    610    611
f    506    611    508
f    506    508    507
f    508    611    612
f    508    612    510
f    508    510    509
f    510    612    613
f    510    613    614
f    510    614    615
f    510    615    511
f    511    615    616
f    511    616    514
f    511    514    513
f    511    513    512
f    616    617    618
f    616    618    619
f    616    619    515
f    616    515    514
f    518    517    516
f    518    516    515
f    518    515    619
f    518    619    519
f    519    619    618
f    519    618    620
f    519    620    621
f    519    621    521
f    519    521    520
f    521    621    622
f    521    622    523
f    521    523    522
f    521    522    408
f    521    408    407
f    521    407    406
f    622    623    624
f    622    624    524
f    622    524    523
f    524    624    625
f    524    625    525
f    524    525    410
f    524    410    409
f    625    626    627
f    625    627    528
f    625    528    527
f    625    527    526
f    625    526    525
f    627    626    628
f    627    628    629
f    627    629    630
f    531    630    629
f    531    629    631
f    531    631    632
f    531    632    532
f    631    633    634
f    631    634    635
f    631    635    636
f    631    636    632
f    532    632    636
f    532    636    637
f    532    637    534
f    532    534    533
f    636    635    638
f    636    638    639
f    636    639    640
f    636    640    641
f    636    641    637
f    534    637    641
f    534    641    642
f    534    642    536
f    534    536    535
f    642    641    640
f    642    640    643
f    642    643    644
f    642    644    645
f    537    536    642
f    537    642    645
f    537    645    646
f    537    646    539
f    537    539    538
f    645    644    647
f    645    647    648
f    645    648    646
f    539    646    648
f    539    648    649
f    539    649    650
f    539    650    542
f    539    542    541
f    539    541    540
f    542    650    651
f    542    651    652
f    542    652    543
f    544    543    652
f    544    652    653
f    544    653    546
f    544    546    545
f    546    653    654
f    546    654    655
f    546    655    656
f    546    656    657
f    546    657    547
f    547    657    658
f    547    658    550
f    547    550    549
f    547    549    548
f    552    551    550
f    552    550    658
f    552    658    659
f    660    659    658
f    660    658    657
f    660    657    656
f    660    656    661
f    660    661    662
f    660    662    663
f    556    554    553
f    556    553    552
f    556    552    659
f    556    659    660
f    556    660    664
f    665    664    660
f    665    660    663
f    665    663    666
f    665    666    667
f    558    557    555
f    558    555    556
f    558    556    664
f    558    664    665
f    558    665    668
f    560    559    558
f    560    558    668
f    560    668    669
f    560    669    670
f    562    561    560
f    562    560    670
f    562    670    671
f    562    671    672
f    562    672    563
f    564    563    672
f    564    672    673
f    564    673    565
f    566    565    673
f    566    673    674
f    566    674    675
f    566    675    568
f    566    568    567
f    569    568    675
f    569    675    676
f    569    676    677
f    571    570    569
f    571    569    677
f    571    677    678
f    571    678    572
f    572    678    679
f    572    679    680
f    572    680    681
f    572    681    573
f    574    573    681
f    574    681    682
f    574    682    576
f    574    576    575
f    576    682    683
f    576    683    684
f    576    684    685
f    576    685    577
f    356    577    685
f    356    685    578
f    356    578    462
f    356    462    357
f    686    687    688
f    686    688    581
f    686    581    580
f    686    580    579
f    581    688    689
f    581    689    582
f    581    582    466
f    581    466    465
f    583    690    691
f    583    691    585
f    583    585    584
f    585    691    692
f    585    692    586
f    585    586    471
f    585    471    470
f    693    694    695
f    693    695    588
f    693    588    587
f    475    588    695
f    475    695    696
f    475    696    589
f    475    589    476
f    590    697    591
f    590    591    479
f    590    479    478
f    482    698    699
f    482    699    592
f    482    592    483
f    485    592    699
f    485    699    700
f    485    700    593
f    485    593    486
f    594    701    491
f    594    491    490
f    594    490    595
f    702    703    596
f    702    596    492
f    702    492    491
f    702    491    701
f    596    703    704
f    596    704    705
f    596    705    495
f    596    495    494
f    596    494    493
f    596    493    597
f    705    706    598
f    705    598    384
f    705    384    383
f    705    383    495
f    598    706    707
f    598    707    602
f    598    602    601
f    598    601    600
f    598    600    498
f    598    498    497
f    598    497    599
f    708    709    604
f    708    604    603
f    708    603    602
f    708    602    707
f    710    711    712
f    710    712    606
f    710    606    605
f    710    605    604
f    710    604    709
f    712    713    714
f    712    714    715
f    712    715    607
f    712    607    606
f    607    715    716
f    607    716    609
f    607    609    608
f    609    716    717
f    609    717    718
f    609    718    719
f    609    719    610
f    610    719    720
f    610    720    613
f    610    613    612
f    610    612    611
f    613    720    721
f    613    721    614
f    614    721    722
f    614    722    617
f    614    617    616
f    614    616    615
f    618    617    722
f    618    722    723
f    618    723    724
f    618    724    725
f    618    725    620
f    620    725    726
f    620    726    727
f    620    727    623
f    620    623    622
f    620    622    621
f    726    728    729
f    726    729    730
f    726    730    731
f    726    731    727
f    727    731    628
f    727    628    626
f    727    626    625
f    727    625    624
f    727    624    623
f    629    628    731
f    629    731    730
f    629    730    732
f    629    732    633
f    629    633    631
f    732    733    734
f    732    734    634
f    732    634    633
f    634    734    735
f    634    735    736
f    634    736    638
f    634    638    635
f    737    736    735
f    737    735    738
f    737    738    739
f    737    739    740
f    737    740    741
f    742    639    638
f    742    638    736
f    742    736    737
f    743    744    742
f    743    742    737
f    743    737    741
f    743    741    745
f    743    745    746
f    640    639    742
f    640    742    744
f    640    744    747
f    640    747    643
f    748    747    744
f    748    744    743
f    748    743    749
f    647    644    643
f    647    643    747
f    647    747    748
f    647    748    750
f    647    750    751
f    752    649    648
f    752    648    647
f    752    647    751
f    752    751    753
f    754    651    650
f    754    650    649
f    754    649    752
f    754    752    755
f    652    651    754
f    652    754    756
f    652    756    757
f    652    757    654
f    652    654    653
f    654    757    758
f    654    758    655
f    656    655    758
f    656    758    759
f    656    759    661
f    760    662    661
f    760    661    759
f    760    759    761
f    760    761    762
f    760    762    763
f    663    662    760
f    663    760    764
f    663    764    666
f    667    666    764
f    667    764    765
f    667    765    766
f    669    668    665
f    669    665    667
f    669    667    766
f    669    766    767
f    669    767    768
f    671    670    669
f    671    669    768
f    671    768    769
f    671    769    770
f    673    672    671
f    673    671    770
f    673    770    771
f    673    771    674
f    675    674    771
f    675    771    772
f    675    772    773
f    675    773    676
f    677    676    773
f    677    773    774
f    677    774    775
f    677    775    679
f    677    679    678
f    679    775    776
f    679    776    777
f    679    777    680
f    681    680    777
f    681    777    778
f    681    778    683
f    681    683    682
f    683    778    779
f    683    779    780
f    683    780    781
f    683    781    684
f    685    684    781
f    685    781    686
f    685    686    579
f    685    579    578
f    782    783    784
f    782    784    689
f    782    689    688
f    782    688    687
f    689    784    785
f    689    785    786
f    689    786    690
f    689    690    583
f    689    583    582
f    786    787    788
f    786    788    692
f    786    692    691
f    786    691    690
f    692    788    789
f    692    789    693
f    692    693    587
f    692    587    474
f    692    474    473
f    692    473    586
f    695    694    790
f    695    790    791
f    695    791    696
f    696    791    792
f    696    792    697
f    696    697    590
f    696    590    589
f    481    591    697
f    481    697    792
f    481    792    793
f    481    793    794
f    481    794    698
f    481    698    482
f    794    795    796
f    794    796    700
f    794    700    699
f    794    699    698
f    700    796    797
f    700    797    702
f    700    702    701
f    700    701    594
f    700    594    593
f    797    798    799
f    797    799    800
f    797    800    704
f    797    704    703
f    797    703    702
f    800    801    708
f    800    708    707
f    800    707    706
f    800    706    705
f    800    705    704
f    802    803    710
f    802    710    709
f    802    709    708
f    802    708    801
f    804    805    806
f    804    806    711
f    804    711    710
f    804    710    803
f    807    713    712
f    807    712    711
f    807    711    806
f    808    714    713
f    808    713    807
f    808    807    809
f    810    717    716
f    810    716    715
f    810    715    714
f    810    714    808
f    810    808    811
f    812    718    717
f    812    717    810
f    813    723    722
f    813    722    721
f    813    721    720
f    813    720    719
f    813    719    718
f    813    718    812
f    813    812    814
f    815    816    724
f    815    724    723
f    815    723    813
f    817    728    726
f    817    726    725
f    817    725    724
f    817    724    816
f    818    819    729
f    818    729    728
f    818    728    817
f    818    817    820
f    821    733    732
f    821    732    730
f    821    730    729
f    821    729    819
f    822    738    735
f    822    735    734
f    822    734    733
f    822    733    821
f    823    824    739
f    823    739    738
f    823    738    822
f    740    739    824
f    740    824    825
f    740    825    826
f    826    825    827
f    826    827    828
f    826    828    829
f    745    741    740
f    745    740    826
f    745    826    829
f    745    829    830
f    831    746    745
f    831    745    830
f    831    830    832
f    831    832    833
f    834    749    743
f    834    743    746
f    834    746    831
f    835    750    748
f    835    748    749
f    835    749    834
f    835    834    836
f    753    751    750
f    753    750    835
f    753    835    837
f    753    837    838
f    839    755    752
f    839    752    753
f    839    753    838
f    839    838    840
f    841    756    754
f    841    754    755
f    841    755    839
f    841    839    842
f    759    758    757
f    759    757    756
f    759    756    841
f    759    841    761
f    762    761    841
f    762    841    842
f    762    842    843
f    765    764    760
f    765    760    763
f    765    763    844
f    767    766    765
f    767    765    844
f    767    844    845
f    767    845    846
f    769    768    767
f    769    767    846
f    769    846    847
f    769    847    848
f    771    770    769
f    771    769    848
f    771    848    849
f    771    849    850
f    771    850    772
f    773    772    850
f    773    850    851
f    773    851    774
f    774    851    852
f    774    852    853
f    774    853    776
f    774    776    775
f    777    776    853
f    777    853    854
f    777    854    779
f    777    779    778
f    779    854    855
f    779    855    856
f    779    856    857
f    779    857    780
f    781    780    857
f    781    857    782
f    781    782    687
f    781    687    686
f    858    859    860
f    858    860    785
f    858    785    784
f    858    784    783
f    785    860    861
f    785    861    862
f    785    862    787
f    785    787    786
f    862    863    864
f    862    864    789
f    862    789    788
f    862    788    787
f    789    864    865
f    789    865    866
f    789    866    790
f    789    790    694
f    789    694    693
f    866    867    793
f    866    793    792
f    866    792    791
f    866    791    790
f    793    867    868
f    793    868    869
f    793    869    795
f    793    795    794
f    869    870    871
f    869    871    798
f    869    798    797
f    869    797    796
f    869    796    795
f    871    872    873
f    871    873    799
f    871    799    798
f    799    873    874
f    799    874    802
f    799    802    801
f    799    801    800
f    874    875    876
f    874    876    804
f    874    804    803
f    874    803    802
f    877    805    804
f    877    804    876
f    877    876    878
f    879    809    807
f    879    807    806
f    879    806    805
f    879    805    877
f    879    877    880
f    881    811    808
f    881    808    809
f    881    809    879
f    882    814    812
f    882    812    810
f    882    810    811
f    882    811    881
f    882    881    883
f    884    885    815
f    884    815    813
f    884    813    814
f    884    814    882
f    886    820    817
f    886    817    816
f    886    816    815
f    886    815    885
f    887    888    889
f    887    889    818
f    887    818    820
f    887    820    886
f    889    890    823
f    889    823    822
f    889    822    821
f    889    821    819
f    889    819    818
f    891    892    827
f    891    827    825
f    891    825    824
f    891    824    823
f    891    823    890
f    893    892    891
f    893    891    894
f    893    894    895
f    828    827    892
f    828    892    893
f    828    893    896
f    897    896    893
f    897    893    895
f    897    895    898
f    897    898    899
f    830    829    828
f    830    828    896
f    830    896    897
f    830    897    832
f    833    832    897
f    833    897    899
f    833    899    900
f    833    900    901
f    833    901    902
f    903    836    834
f    903    834    831
f    903    831    833
f    903    833    902
f    903    902    904
f    903    904    905
f    906    837    835
f    906    835    836
f    906    836    903
f    906    903    907
f    840    838    837
f    840    837    906
f    840    906    908
f    840    908    909
f    843    842    839
f    843    839    840
f    843    840    909
f    843    909    910
f    910    909    908
f    910    908    911
f    910    911    912
f    844    763    762
f    844    762    843
f    844    843    910
f    844    910    912
f    844    912    913
f    844    913    845
f    846    845    913
f    846    913    914
f    846    914    915
f    846    915    847
f    848    847    915
f    848    915    916
f    848    916    917
f    848    917    849
f    850    849    917
f    850    917    918
f    850    918    919
f    850    919    920
f    850    920    852
f    850    852    851
f    853    852    920
f    853    920    921
f    853    921    855
f    853    855    854
f    855    921    922
f    855    922    856
f    857    856    922
f    857    922    858
f    857    858    783
f    857    783    782
f    923    924    861
f    923    861    860
f    923    860    859
f    861    924    925
f    861    925    863
f    861    863    862
f    926    927    865
f    926    865    864
f    926    864    863
f    926    863    925
f    865    927    928
f    865    928    868
f    865    868    867
f    865    867    866
f    929    930    931
f    929    931    870
f    929    870    869
f    929    869    868
f    929    868    928
f    931    932    872
f    931    872    871
f    931    871    870
f    933    875    874
f    933    874    873
f    933    873    872
f    933    872    932
f    934    878    876
f    934    876    875
f    934    875    933
f    934    933    935
f    936    880    877
f    936    877    878
f    936    878    934
f    937    883    881
f    937    881    879
f    937    879    880
f    937    880    936
f    937    936    938
f    939    940    884
f    939    884    882
f    939    882    883
f    939    883    937
f    941    942    887
f    941    887    886
f    941    886    885
f    941    885    884
f    941    884    940
f    943    944    888
f    943    888    887
f    943    887    942
f    945    946    894
f    945    894    891
f    945    891    890
f    945    890    889
f    945    889    888
f    945    888    944
f    895    894    946
f    895    946    947
f    895    947    898
f    948    949    950
f    948    950    947
f    948    947    946
f    948    946    945
f    899    898    947
f    899    947    950
f    899    950    900
f    900    950    949
f    900    949    951
f    900    951    952
f    900    952    953
f    900    953    901
f    902    901    953
f    902    953    954
f    902    954    904
f    905    904    954
f    905    954    955
f    905    955    956
f    905    956    957
f    905    957    958
f    905    958    959
f    960    907    903
f    960    903    905
f    960    905    959
f    960    959    961
f    911    908    906
f    911    906    907
f    911    907    960
f    911    960    962
f    963    962    960
f    963    960    961
f    963    961    964
f    963    964    965
f    913    912    911
f    913    911    962
f    913    962    963
f    913    963    914
f    915    914    963
f    915    963    965
f    915    965    966
f    915    966    967
f    915    967    968
f    915    968    916
f    917    916    968
f    917    968    969
f    917    969    918
f    919    918    969
f    919    969    970
f    919    970    971
f    922    921    920
f    922    920    919
f    922    919    971
f    922    971    923
f    922    923    859
f    922    859    858
f    971    970    972
f    971    972    973
f    971    973    926
f    971    926    925
f    971    925    924
f    971    924    923
f    972    974    975
f    972    975    976
f    972    976    977
f    972    977    973
f    973    977    929
f    973    929    928
f    973    928    927
f    973    927    926
f    976    978    979
f    976    979    980
f    976    980    930
f    976    930    929
f    976    929    977
f    980    935    933
f    980    933    932
f    980    932    931
f    980    931    930
f    979    938    936
f    979    936    934
f    979    934    935
f    979    935    980
f    981    982    939
f    981    939    937
f    981    937    938
f    981    938    979
f    981    979    978
f    983    984    941
f    983    941    940
f    983    940    939
f    983    939    982
f    985    986    943
f    985    943    942
f    985    942    941
f    985    941    984
f    987    988    948
f    987    948    945
f    987    945    944
f    987    944    943
f    987    943    986
f    951    949    948
f    951    948    988
f    989    990    952
f    989    952    951
f    989    951    988
f    989    988    987
f    954    953    952
f    954    952    990
f    954    990    955
f    956    991    992
f    956    992    993
f    956    993    994
f    956    994    957
f    958    957    994
f    958    994    995
f    958    995    996
f    958    996    997
f    961    959    958
f    961    958    997
f    961    997    998
f    961    998    964
f    998    997    996
f    998    996    999
f    998    999   1000
f    965    964    998
f    965    998   1000
f    965   1000   1001
f    965   1001   1002
f    965   1002    966
f    967    966   1002
f    967   1002   1003
f    967   1003   1004
f    967   1004   1005
f    969    968    967
f    969    967   1005
f    969   1005    974
f    969    974    972
f    969    972    970
f   1005   1004   1006
f   1005   1006    975
f   1005    975    974
f   1003   1007   1008
f   1003   1008   1009
f   1003   1009   1006
f   1003   1006   1004
f    975   1006   1009
f    975   1009    981
f    975    981    978
f    975    978    976
f   1009   1008   1010
f   1009   1010    983
f   1009    983    982
f   1009    982    981
f   1010   1011   1012
f   1010   1012    985
f   1010    985    984
f   1010    984    983
f   1012   1013    992
f   1012    992    991
f   1012    991    989
f   1012    989    987
f   1012    987    986
f   1012    986    985
f    955    990    989
f    955    989    991
f    955    991    956
f   1014   1015    993
f   1014    993    992
f   1014    992   1013
f    994    993   1015
f    994   1015   1016
f    994   1016    995
f    996    995   1016
f    996   1016   1017
f    996   1017   1018
f    996   1018   1019
f    996   1019    999
f   1000    999   1019
f   1000   1019   1020
f   1000   1020   1021
f   1000   1021   1001
f   1002   1001   1021
f   1002   1021   1007
f   1002   1007   1003
f   1021   1020   1022
f   1021   1022   1011
f   1021   1011   1010
f   1021   1010   1008
f   1021   1008   1007
f   1022   1018   1017
f   1022   1017   1014
f   1022   1014   1013
f   1022   1013   1012
f   1022   1012   1011
f   1016   1015   1014
f   1016   1014   1017
f   1019   1018   1022
f   1019   1022   1020
f    529    528    627
f    529    627    630
f    529    630    531
f    529    531    530